ReviewController.java,edu.ucsb.cs156.dining.controllers.ReviewController,org.pitest.mutationtest.engine.gregor.mutators.returns.EmptyObjectReturnValsMutator,allApprovedReviewsForItem,88,KILLED,edu.ucsb.cs156.dining.controllers.ReviewControllerTests.[engine:junit-jupiter]/[class:edu.ucsb.cs156.dining.controllers.ReviewControllerTests]/[method:allApprovedReviewsForItem_returns_approved_reviews_for_existing_item()]
ReviewController.java,edu.ucsb.cs156.dining.controllers.ReviewController,org.pitest.mutationtest.engine.gregor.mutators.returns.EmptyObjectReturnValsMutator,allReviews,68,KILLED,edu.ucsb.cs156.dining.controllers.ReviewControllerTests.[engine:junit-jupiter]/[class:edu.ucsb.cs156.dining.controllers.ReviewControllerTests]/[method:a_logged_in_admin_can_get_all()]
ReviewController.java,edu.ucsb.cs156.dining.controllers.ReviewController,org.pitest.mutationtest.engine.gregor.mutators.NegateConditionalsMutator,deleteReview,213,KILLED,edu.ucsb.cs156.dining.controllers.ReviewControllerTests.[engine:junit-jupiter]/[class:edu.ucsb.cs156.dining.controllers.ReviewControllerTests]/[method:user_can_delete()]
ReviewController.java,edu.ucsb.cs156.dining.controllers.ReviewController,org.pitest.mutationtest.engine.gregor.mutators.NegateConditionalsMutator,deleteReview,213,KILLED,edu.ucsb.cs156.dining.controllers.ReviewControllerTests.[engine:junit-jupiter]/[class:edu.ucsb.cs156.dining.controllers.ReviewControllerTests]/[method:wrong_user_cannot_delete()]
ReviewController.java,edu.ucsb.cs156.dining.controllers.ReviewController,org.pitest.mutationtest.engine.gregor.mutators.VoidMethodCallMutator,deleteReview,217,KILLED,edu.ucsb.cs156.dining.controllers.ReviewControllerTests.[engine:junit-jupiter]/[class:edu.ucsb.cs156.dining.controllers.ReviewControllerTests]/[method:user_can_delete()]
ReviewController.java,edu.ucsb.cs156.dining.controllers.ReviewController,org.pitest.mutationtest.engine.gregor.mutators.returns.NullReturnValsMutator,deleteReview,218,KILLED,edu.ucsb.cs156.dining.controllers.ReviewControllerTests.[engine:junit-jupiter]/[class:edu.ucsb.cs156.dining.controllers.ReviewControllerTests]/[method:user_can_delete()]
ReviewController.java,edu.ucsb.cs156.dining.controllers.ReviewController,org.pitest.mutationtest.engine.gregor.mutators.ConditionalsBoundaryMutator,editReview,179,KILLED,edu.ucsb.cs156.dining.controllers.ReviewControllerTests.[engine:junit-jupiter]/[class:edu.ucsb.cs156.dining.controllers.ReviewControllerTests]/[method:can_set_stars_at_low_boundary()]
ReviewController.java,edu.ucsb.cs156.dining.controllers.ReviewController,org.pitest.mutationtest.engine.gregor.mutators.ConditionalsBoundaryMutator,editReview,179,KILLED,edu.ucsb.cs156.dining.controllers.ReviewControllerTests.[engine:junit-jupiter]/[class:edu.ucsb.cs156.dining.controllers.ReviewControllerTests]/[method:can_set_stars_at_high_boundary()]
ReviewController.java,edu.ucsb.cs156.dining.controllers.ReviewController,org.pitest.mutationtest.engine.gregor.mutators.NegateConditionalsMutator,editReview,175,KILLED,edu.ucsb.cs156.dining.controllers.ReviewControllerTests.[engine:junit-jupiter]/[class:edu.ucsb.cs156.dining.controllers.ReviewControllerTests]/[method:wrong_user_cannot_edit()]
ReviewController.java,edu.ucsb.cs156.dining.controllers.ReviewController,org.pitest.mutationtest.engine.gregor.mutators.NegateConditionalsMutator,editReview,179,KILLED,edu.ucsb.cs156.dining.controllers.ReviewControllerTests.[engine:junit-jupiter]/[class:edu.ucsb.cs156.dining.controllers.ReviewControllerTests]/[method:can_set_stars_at_high_boundary()]
ReviewController.java,edu.ucsb.cs156.dining.controllers.ReviewController,org.pitest.mutationtest.engine.gregor.mutators.NegateConditionalsMutator,editReview,179,KILLED,edu.ucsb.cs156.dining.controllers.ReviewControllerTests.[engine:junit-jupiter]/[class:edu.ucsb.cs156.dining.controllers.ReviewControllerTests]/[method:can_set_stars_at_high_boundary()]
ReviewController.java,edu.ucsb.cs156.dining.controllers.ReviewController,org.pitest.mutationtest.engine.gregor.mutators.NegateConditionalsMutator,editReview,185,KILLED,edu.ucsb.cs156.dining.controllers.ReviewControllerTests.[engine:junit-jupiter]/[class:edu.ucsb.cs156.dining.controllers.ReviewControllerTests]/[method:edit_works_correctly()]
ReviewController.java,edu.ucsb.cs156.dining.controllers.ReviewController,org.pitest.mutationtest.engine.gregor.mutators.NegateConditionalsMutator,editReview,186,KILLED,edu.ucsb.cs156.dining.controllers.ReviewControllerTests.[engine:junit-jupiter]/[class:edu.ucsb.cs156.dining.controllers.ReviewControllerTests]/[method:trim_works_correctly()]
ReviewController.java,edu.ucsb.cs156.dining.controllers.ReviewController,org.pitest.mutationtest.engine.gregor.mutators.VoidMethodCallMutator,editReview,182,KILLED,edu.ucsb.cs156.dining.controllers.ReviewControllerTests.[engine:junit-jupiter]/[class:edu.ucsb.cs156.dining.controllers.ReviewControllerTests]/[method:trim_works_correctly()]
ReviewController.java,edu.ucsb.cs156.dining.controllers.ReviewController,org.pitest.mutationtest.engine.gregor.mutators.VoidMethodCallMutator,editReview,187,KILLED,edu.ucsb.cs156.dining.controllers.ReviewControllerTests.[engine:junit-jupiter]/[class:edu.ucsb.cs156.dining.controllers.ReviewControllerTests]/[method:edit_works_correctly()]
ReviewController.java,edu.ucsb.cs156.dining.controllers.ReviewController,org.pitest.mutationtest.engine.gregor.mutators.VoidMethodCallMutator,editReview,188,KILLED,edu.ucsb.cs156.dining.controllers.ReviewControllerTests.[engine:junit-jupiter]/[class:edu.ucsb.cs156.dining.controllers.ReviewControllerTests]/[method:edit_works_correctly()]
ReviewController.java,edu.ucsb.cs156.dining.controllers.ReviewController,org.pitest.mutationtest.engine.gregor.mutators.VoidMethodCallMutator,editReview,190,KILLED,edu.ucsb.cs156.dining.controllers.ReviewControllerTests.[engine:junit-jupiter]/[class:edu.ucsb.cs156.dining.controllers.ReviewControllerTests]/[method:null_works_correctly()]
ReviewController.java,edu.ucsb.cs156.dining.controllers.ReviewController,org.pitest.mutationtest.engine.gregor.mutators.VoidMethodCallMutator,editReview,191,KILLED,edu.ucsb.cs156.dining.controllers.ReviewControllerTests.[engine:junit-jupiter]/[class:edu.ucsb.cs156.dining.controllers.ReviewControllerTests]/[method:trim_works_correctly()]
ReviewController.java,edu.ucsb.cs156.dining.controllers.ReviewController,org.pitest.mutationtest.engine.gregor.mutators.VoidMethodCallMutator,editReview,194,KILLED,edu.ucsb.cs156.dining.controllers.ReviewControllerTests.[engine:junit-jupiter]/[class:edu.ucsb.cs156.dining.controllers.ReviewControllerTests]/[method:trim_works_correctly()]
ReviewController.java,edu.ucsb.cs156.dining.controllers.ReviewController,org.pitest.mutationtest.engine.gregor.mutators.VoidMethodCallMutator,editReview,196,KILLED,edu.ucsb.cs156.dining.controllers.ReviewControllerTests.[engine:junit-jupiter]/[class:edu.ucsb.cs156.dining.controllers.ReviewControllerTests]/[method:edit_works_correctly()]
ReviewController.java,edu.ucsb.cs156.dining.controllers.ReviewController,org.pitest.mutationtest.engine.gregor.mutators.returns.NullReturnValsMutator,editReview,200,KILLED,edu.ucsb.cs156.dining.controllers.ReviewControllerTests.[engine:junit-jupiter]/[class:edu.ucsb.cs156.dining.controllers.ReviewControllerTests]/[method:trim_works_correctly()]
ReviewController.java,edu.ucsb.cs156.dining.controllers.ReviewController,org.pitest.mutationtest.engine.gregor.mutators.NegateConditionalsMutator,getReviewById,260,KILLED,edu.ucsb.cs156.dining.controllers.ReviewControllerTests.[engine:junit-jupiter]/[class:edu.ucsb.cs156.dining.controllers.ReviewControllerTests]/[method:getReviewById_owner_can_view()]
ReviewController.java,edu.ucsb.cs156.dining.controllers.ReviewController,org.pitest.mutationtest.engine.gregor.mutators.NegateConditionalsMutator,getReviewById,268,KILLED,edu.ucsb.cs156.dining.controllers.ReviewControllerTests.[engine:junit-jupiter]/[class:edu.ucsb.cs156.dining.controllers.ReviewControllerTests]/[method:getReviewById_owner_can_view()]
ReviewController.java,edu.ucsb.cs156.dining.controllers.ReviewController,org.pitest.mutationtest.engine.gregor.mutators.NegateConditionalsMutator,getReviewById,268,KILLED,edu.ucsb.cs156.dining.controllers.ReviewControllerTests.[engine:junit-jupiter]/[class:edu.ucsb.cs156.dining.controllers.ReviewControllerTests]/[method:getReviewById_non_owner_user_forbidden()]
ReviewController.java,edu.ucsb.cs156.dining.controllers.ReviewController,org.pitest.mutationtest.engine.gregor.mutators.NegateConditionalsMutator,getReviewById,268,KILLED,edu.ucsb.cs156.dining.controllers.ReviewControllerTests.[engine:junit-jupiter]/[class:edu.ucsb.cs156.dining.controllers.ReviewControllerTests]/[method:getReviewById_moderator_can_view()]
ReviewController.java,edu.ucsb.cs156.dining.controllers.ReviewController,org.pitest.mutationtest.engine.gregor.mutators.returns.NullReturnValsMutator,getReviewById,273,KILLED,edu.ucsb.cs156.dining.controllers.ReviewControllerTests.[engine:junit-jupiter]/[class:edu.ucsb.cs156.dining.controllers.ReviewControllerTests]/[method:getReviewById_owner_can_view()]
ReviewController.java,edu.ucsb.cs156.dining.controllers.ReviewController,org.pitest.mutationtest.engine.gregor.mutators.returns.EmptyObjectReturnValsMutator,get_all_review_by_user_id,162,KILLED,edu.ucsb.cs156.dining.controllers.ReviewControllerTests.[engine:junit-jupiter]/[class:edu.ucsb.cs156.dining.controllers.ReviewControllerTests]/[method:a_logged_in_user_can_get_own_reviews_list()]
ReviewController.java,edu.ucsb.cs156.dining.controllers.ReviewController,org.pitest.mutationtest.engine.gregor.mutators.returns.NullReturnValsMutator,handleValidationExceptions,49,KILLED,edu.ucsb.cs156.dining.controllers.ReviewControllerTests.[engine:junit-jupiter]/[class:edu.ucsb.cs156.dining.controllers.ReviewControllerTests]/[method:test_rating_below_1_throws_exception()]
ReviewController.java,edu.ucsb.cs156.dining.controllers.ReviewController,org.pitest.mutationtest.engine.gregor.mutators.returns.NullReturnValsMutator,lambda$allApprovedReviewsForItem$0,84,KILLED,edu.ucsb.cs156.dining.controllers.ReviewControllerTests.[engine:junit-jupiter]/[class:edu.ucsb.cs156.dining.controllers.ReviewControllerTests]/[method:allApprovedReviewsForItem_returns_not_found_for_nonexistent_item()]
ReviewController.java,edu.ucsb.cs156.dining.controllers.ReviewController,org.pitest.mutationtest.engine.gregor.mutators.returns.NullReturnValsMutator,lambda$deleteReview$3,210,KILLED,edu.ucsb.cs156.dining.controllers.ReviewControllerTests.[engine:junit-jupiter]/[class:edu.ucsb.cs156.dining.controllers.ReviewControllerTests]/[method:nonexistent_cannot_delete()]
ReviewController.java,edu.ucsb.cs156.dining.controllers.ReviewController,org.pitest.mutationtest.engine.gregor.mutators.returns.NullReturnValsMutator,lambda$editReview$2,173,KILLED,edu.ucsb.cs156.dining.controllers.ReviewControllerTests.[engine:junit-jupiter]/[class:edu.ucsb.cs156.dining.controllers.ReviewControllerTests]/[method:not_found_throws_exception()]
ReviewController.java,edu.ucsb.cs156.dining.controllers.ReviewController,org.pitest.mutationtest.engine.gregor.mutators.returns.NullReturnValsMutator,lambda$getReviewById$5,254,KILLED,edu.ucsb.cs156.dining.controllers.ReviewControllerTests.[engine:junit-jupiter]/[class:edu.ucsb.cs156.dining.controllers.ReviewControllerTests]/[method:getReviewById_not_found_returns_404()]
ReviewController.java,edu.ucsb.cs156.dining.controllers.ReviewController,org.pitest.mutationtest.engine.gregor.mutators.returns.BooleanFalseReturnValsMutator,lambda$getReviewById$6,262,KILLED,edu.ucsb.cs156.dining.controllers.ReviewControllerTests.[engine:junit-jupiter]/[class:edu.ucsb.cs156.dining.controllers.ReviewControllerTests]/[method:getReviewById_admin_can_view()]
ReviewController.java,edu.ucsb.cs156.dining.controllers.ReviewController,org.pitest.mutationtest.engine.gregor.mutators.returns.BooleanTrueReturnValsMutator,lambda$getReviewById$6,262,KILLED,edu.ucsb.cs156.dining.controllers.ReviewControllerTests.[engine:junit-jupiter]/[class:edu.ucsb.cs156.dining.controllers.ReviewControllerTests]/[method:getReviewById_non_owner_user_forbidden()]
ReviewController.java,edu.ucsb.cs156.dining.controllers.ReviewController,org.pitest.mutationtest.engine.gregor.mutators.returns.BooleanFalseReturnValsMutator,lambda$getReviewById$7,265,KILLED,edu.ucsb.cs156.dining.controllers.ReviewControllerTests.[engine:junit-jupiter]/[class:edu.ucsb.cs156.dining.controllers.ReviewControllerTests]/[method:getReviewById_moderator_can_view()]
ReviewController.java,edu.ucsb.cs156.dining.controllers.ReviewController,org.pitest.mutationtest.engine.gregor.mutators.returns.BooleanTrueReturnValsMutator,lambda$getReviewById$7,265,KILLED,edu.ucsb.cs156.dining.controllers.ReviewControllerTests.[engine:junit-jupiter]/[class:edu.ucsb.cs156.dining.controllers.ReviewControllerTests]/[method:getReviewById_non_owner_user_forbidden()]
ReviewController.java,edu.ucsb.cs156.dining.controllers.ReviewController,org.pitest.mutationtest.engine.gregor.mutators.returns.NullReturnValsMutator,lambda$moderateReview$4,229,KILLED,edu.ucsb.cs156.dining.controllers.ReviewControllerTests.[engine:junit-jupiter]/[class:edu.ucsb.cs156.dining.controllers.ReviewControllerTests]/[method:moderator_nonexistent_cannot_approve()]
ReviewController.java,edu.ucsb.cs156.dining.controllers.ReviewController,org.pitest.mutationtest.engine.gregor.mutators.returns.NullReturnValsMutator,lambda$postReview$1,136,KILLED,edu.ucsb.cs156.dining.controllers.ReviewControllerTests.[engine:junit-jupiter]/[class:edu.ucsb.cs156.dining.controllers.ReviewControllerTests]/[method:testItemIdIsInvalid_NotFound()]
ReviewController.java,edu.ucsb.cs156.dining.controllers.ReviewController,org.pitest.mutationtest.engine.gregor.mutators.VoidMethodCallMutator,moderateReview,231,KILLED,edu.ucsb.cs156.dining.controllers.ReviewControllerTests.[engine:junit-jupiter]/[class:edu.ucsb.cs156.dining.controllers.ReviewControllerTests]/[method:admin_can_moderate_a_review()]
ReviewController.java,edu.ucsb.cs156.dining.controllers.ReviewController,org.pitest.mutationtest.engine.gregor.mutators.VoidMethodCallMutator,moderateReview,232,KILLED,edu.ucsb.cs156.dining.controllers.ReviewControllerTests.[engine:junit-jupiter]/[class:edu.ucsb.cs156.dining.controllers.ReviewControllerTests]/[method:admin_can_moderate_a_review()]
ReviewController.java,edu.ucsb.cs156.dining.controllers.ReviewController,org.pitest.mutationtest.engine.gregor.mutators.returns.NullReturnValsMutator,moderateReview,235,KILLED,edu.ucsb.cs156.dining.controllers.ReviewControllerTests.[engine:junit-jupiter]/[class:edu.ucsb.cs156.dining.controllers.ReviewControllerTests]/[method:admin_can_moderate_a_review()]
ReviewController.java,edu.ucsb.cs156.dining.controllers.ReviewController,org.pitest.mutationtest.engine.gregor.mutators.returns.EmptyObjectReturnValsMutator,needsmoderation,243,KILLED,edu.ucsb.cs156.dining.controllers.ReviewControllerTests.[engine:junit-jupiter]/[class:edu.ucsb.cs156.dining.controllers.ReviewControllerTests]/[method:admin_get_needs_moderation_returns_moderation_needed()]
ReviewController.java,edu.ucsb.cs156.dining.controllers.ReviewController,org.pitest.mutationtest.engine.gregor.mutators.ConditionalsBoundaryMutator,postReview,127,KILLED,edu.ucsb.cs156.dining.controllers.ReviewControllerTests.[engine:junit-jupiter]/[class:edu.ucsb.cs156.dining.controllers.ReviewControllerTests]/[method:testItemIdIsInvalid_NotFound()]
ReviewController.java,edu.ucsb.cs156.dining.controllers.ReviewController,org.pitest.mutationtest.engine.gregor.mutators.ConditionalsBoundaryMutator,postReview,127,KILLED,edu.ucsb.cs156.dining.controllers.ReviewControllerTests.[engine:junit-jupiter]/[class:edu.ucsb.cs156.dining.controllers.ReviewControllerTests]/[method:postReview_ShouldAcceptRatingAtBoundaries()]
ReviewController.java,edu.ucsb.cs156.dining.controllers.ReviewController,org.pitest.mutationtest.engine.gregor.mutators.NegateConditionalsMutator,postReview,122,KILLED,edu.ucsb.cs156.dining.controllers.ReviewControllerTests.[engine:junit-jupiter]/[class:edu.ucsb.cs156.dining.controllers.ReviewControllerTests]/[method:test_no_string_on_creating_new_review()]
ReviewController.java,edu.ucsb.cs156.dining.controllers.ReviewController,org.pitest.mutationtest.engine.gregor.mutators.NegateConditionalsMutator,postReview,122,KILLED,edu.ucsb.cs156.dining.controllers.ReviewControllerTests.[engine:junit-jupiter]/[class:edu.ucsb.cs156.dining.controllers.ReviewControllerTests]/[method:a_user_can_post_a_new_review()]
ReviewController.java,edu.ucsb.cs156.dining.controllers.ReviewController,org.pitest.mutationtest.engine.gregor.mutators.NegateConditionalsMutator,postReview,127,KILLED,edu.ucsb.cs156.dining.controllers.ReviewControllerTests.[engine:junit-jupiter]/[class:edu.ucsb.cs156.dining.controllers.ReviewControllerTests]/[method:test_rating_below_1_throws_exception()]
ReviewController.java,edu.ucsb.cs156.dining.controllers.ReviewController,org.pitest.mutationtest.engine.gregor.mutators.NegateConditionalsMutator,postReview,127,KILLED,edu.ucsb.cs156.dining.controllers.ReviewControllerTests.[engine:junit-jupiter]/[class:edu.ucsb.cs156.dining.controllers.ReviewControllerTests]/[method:test_rating_above_5_throws_exception()]
ReviewController.java,edu.ucsb.cs156.dining.controllers.ReviewController,org.pitest.mutationtest.engine.gregor.mutators.NegateConditionalsMutator,postReview,138,KILLED,edu.ucsb.cs156.dining.controllers.ReviewControllerTests.[engine:junit-jupiter]/[class:edu.ucsb.cs156.dining.controllers.ReviewControllerTests]/[method:test_no_string_on_creating_new_review()]
ReviewController.java,edu.ucsb.cs156.dining.controllers.ReviewController,org.pitest.mutationtest.engine.gregor.mutators.VoidMethodCallMutator,postReview,119,KILLED,edu.ucsb.cs156.dining.controllers.ReviewControllerTests.[engine:junit-jupiter]/[class:edu.ucsb.cs156.dining.controllers.ReviewControllerTests]/[method:test_no_string_on_creating_new_review()]
ReviewController.java,edu.ucsb.cs156.dining.controllers.ReviewController,org.pitest.mutationtest.engine.gregor.mutators.VoidMethodCallMutator,postReview,123,KILLED,edu.ucsb.cs156.dining.controllers.ReviewControllerTests.[engine:junit-jupiter]/[class:edu.ucsb.cs156.dining.controllers.ReviewControllerTests]/[method:a_user_can_post_a_new_review()]
ReviewController.java,edu.ucsb.cs156.dining.controllers.ReviewController,org.pitest.mutationtest.engine.gregor.mutators.VoidMethodCallMutator,postReview,131,KILLED,edu.ucsb.cs156.dining.controllers.ReviewControllerTests.[engine:junit-jupiter]/[class:edu.ucsb.cs156.dining.controllers.ReviewControllerTests]/[method:test_no_string_on_creating_new_review()]
ReviewController.java,edu.ucsb.cs156.dining.controllers.ReviewController,org.pitest.mutationtest.engine.gregor.mutators.VoidMethodCallMutator,postReview,139,KILLED,edu.ucsb.cs156.dining.controllers.ReviewControllerTests.[engine:junit-jupiter]/[class:edu.ucsb.cs156.dining.controllers.ReviewControllerTests]/[method:test_no_string_on_creating_new_review()]
ReviewController.java,edu.ucsb.cs156.dining.controllers.ReviewController,org.pitest.mutationtest.engine.gregor.mutators.VoidMethodCallMutator,postReview,142,KILLED,edu.ucsb.cs156.dining.controllers.ReviewControllerTests.[engine:junit-jupiter]/[class:edu.ucsb.cs156.dining.controllers.ReviewControllerTests]/[method:test_no_string_on_creating_new_review()]
ReviewController.java,edu.ucsb.cs156.dining.controllers.ReviewController,org.pitest.mutationtest.engine.gregor.mutators.VoidMethodCallMutator,postReview,144,KILLED,edu.ucsb.cs156.dining.controllers.ReviewControllerTests.[engine:junit-jupiter]/[class:edu.ucsb.cs156.dining.controllers.ReviewControllerTests]/[method:test_no_string_on_creating_new_review()]
ReviewController.java,edu.ucsb.cs156.dining.controllers.ReviewController,org.pitest.mutationtest.engine.gregor.mutators.returns.NullReturnValsMutator,postReview,147,KILLED,edu.ucsb.cs156.dining.controllers.ReviewControllerTests.[engine:junit-jupiter]/[class:edu.ucsb.cs156.dining.controllers.ReviewControllerTests]/[method:test_no_string_on_creating_new_review()]
UsersController.java,edu.ucsb.cs156.dining.controllers.UsersController,org.pitest.mutationtest.engine.gregor.mutators.returns.NullReturnValsMutator,getAliasesNeedingModeration,85,KILLED,edu.ucsb.cs156.dining.controllers.UsersControllerTests.[engine:junit-jupiter]/[class:edu.ucsb.cs156.dining.controllers.UsersControllerTests]/[method:admin_gets_empty_list_if_no_aliases_need_moderation()]
UsersController.java,edu.ucsb.cs156.dining.controllers.UsersController,org.pitest.mutationtest.engine.gregor.mutators.returns.NullReturnValsMutator,getUsersWithProposedAlias,71,KILLED,edu.ucsb.cs156.dining.controllers.UsersControllerTests.[engine:junit-jupiter]/[class:edu.ucsb.cs156.dining.controllers.UsersControllerTests]/[method:admin_can_get_all_users_with_proposed_alias()]
UsersController.java,edu.ucsb.cs156.dining.controllers.UsersController,org.pitest.mutationtest.engine.gregor.mutators.returns.NullReturnValsMutator,lambda$toggleAdminStatus$1,152,KILLED,edu.ucsb.cs156.dining.controllers.UsersControllerTests.[engine:junit-jupiter]/[class:edu.ucsb.cs156.dining.controllers.UsersControllerTests]/[method:admin_cannot_toggle_admin_of_nonexistent_user()]
UsersController.java,edu.ucsb.cs156.dining.controllers.UsersController,org.pitest.mutationtest.engine.gregor.mutators.returns.NullReturnValsMutator,lambda$toggleModeratorStatus$2,174,KILLED,edu.ucsb.cs156.dining.controllers.UsersControllerTests.[engine:junit-jupiter]/[class:edu.ucsb.cs156.dining.controllers.UsersControllerTests]/[method:admin_cannot_toggle_moderator_of_nonexistent_user()]
UsersController.java,edu.ucsb.cs156.dining.controllers.UsersController,org.pitest.mutationtest.engine.gregor.mutators.returns.NullReturnValsMutator,lambda$updateAliasModeration$0,124,KILLED,edu.ucsb.cs156.dining.controllers.UsersControllerTests.[engine:junit-jupiter]/[class:edu.ucsb.cs156.dining.controllers.UsersControllerTests]/[method:admin_cannot_approve_nonexistent_user()]
UsersController.java,edu.ucsb.cs156.dining.controllers.UsersController,org.pitest.mutationtest.engine.gregor.mutators.NegateConditionalsMutator,toggleAdminStatus,154,KILLED,edu.ucsb.cs156.dining.controllers.UsersControllerTests.[engine:junit-jupiter]/[class:edu.ucsb.cs156.dining.controllers.UsersControllerTests]/[method:admin_can_toggle_admin_of_basic_admin()]
UsersController.java,edu.ucsb.cs156.dining.controllers.UsersController,org.pitest.mutationtest.engine.gregor.mutators.NegateConditionalsMutator,toggleAdminStatus,155,KILLED,edu.ucsb.cs156.dining.controllers.UsersControllerTests.[engine:junit-jupiter]/[class:edu.ucsb.cs156.dining.controllers.UsersControllerTests]/[method:admin_can_toggle_admin_of_basic_admin()]
UsersController.java,edu.ucsb.cs156.dining.controllers.UsersController,org.pitest.mutationtest.engine.gregor.mutators.VoidMethodCallMutator,toggleAdminStatus,155,KILLED,edu.ucsb.cs156.dining.controllers.UsersControllerTests.[engine:junit-jupiter]/[class:edu.ucsb.cs156.dining.controllers.UsersControllerTests]/[method:admin_can_toggle_admin_of_basic_admin()]
UsersController.java,edu.ucsb.cs156.dining.controllers.UsersController,org.pitest.mutationtest.engine.gregor.mutators.returns.NullReturnValsMutator,toggleAdminStatus,160,KILLED,edu.ucsb.cs156.dining.controllers.UsersControllerTests.[engine:junit-jupiter]/[class:edu.ucsb.cs156.dining.controllers.UsersControllerTests]/[method:admin_can_toggle_admin_of_basic_admin()]
UsersController.java,edu.ucsb.cs156.dining.controllers.UsersController,org.pitest.mutationtest.engine.gregor.mutators.NegateConditionalsMutator,toggleModeratorStatus,176,KILLED,edu.ucsb.cs156.dining.controllers.UsersControllerTests.[engine:junit-jupiter]/[class:edu.ucsb.cs156.dining.controllers.UsersControllerTests]/[method:admin_can_toggle_moderator_of_moderator()]
UsersController.java,edu.ucsb.cs156.dining.controllers.UsersController,org.pitest.mutationtest.engine.gregor.mutators.VoidMethodCallMutator,toggleModeratorStatus,176,KILLED,edu.ucsb.cs156.dining.controllers.UsersControllerTests.[engine:junit-jupiter]/[class:edu.ucsb.cs156.dining.controllers.UsersControllerTests]/[method:admin_can_toggle_moderator_of_moderator()]
UsersController.java,edu.ucsb.cs156.dining.controllers.UsersController,org.pitest.mutationtest.engine.gregor.mutators.returns.NullReturnValsMutator,toggleModeratorStatus,180,KILLED,edu.ucsb.cs156.dining.controllers.UsersControllerTests.[engine:junit-jupiter]/[class:edu.ucsb.cs156.dining.controllers.UsersControllerTests]/[method:admin_can_toggle_moderator_of_moderator()]
UsersController.java,edu.ucsb.cs156.dining.controllers.UsersController,org.pitest.mutationtest.engine.gregor.mutators.NegateConditionalsMutator,updateAliasModeration,126,KILLED,edu.ucsb.cs156.dining.controllers.UsersControllerTests.[engine:junit-jupiter]/[class:edu.ucsb.cs156.dining.controllers.UsersControllerTests]/[method:admin_can_approve_proposed_alias()]
UsersController.java,edu.ucsb.cs156.dining.controllers.UsersController,org.pitest.mutationtest.engine.gregor.mutators.VoidMethodCallMutator,updateAliasModeration,127,KILLED,edu.ucsb.cs156.dining.controllers.UsersControllerTests.[engine:junit-jupiter]/[class:edu.ucsb.cs156.dining.controllers.UsersControllerTests]/[method:admin_can_approve_proposed_alias()]
UsersController.java,edu.ucsb.cs156.dining.controllers.UsersController,org.pitest.mutationtest.engine.gregor.mutators.VoidMethodCallMutator,updateAliasModeration,128,KILLED,edu.ucsb.cs156.dining.controllers.UsersControllerTests.[engine:junit-jupiter]/[class:edu.ucsb.cs156.dining.controllers.UsersControllerTests]/[method:admin_can_approve_proposed_alias()]
UsersController.java,edu.ucsb.cs156.dining.controllers.UsersController,org.pitest.mutationtest.engine.gregor.mutators.VoidMethodCallMutator,updateAliasModeration,129,KILLED,edu.ucsb.cs156.dining.controllers.UsersControllerTests.[engine:junit-jupiter]/[class:edu.ucsb.cs156.dining.controllers.UsersControllerTests]/[method:admin_can_approve_proposed_alias()]
UsersController.java,edu.ucsb.cs156.dining.controllers.UsersController,org.pitest.mutationtest.engine.gregor.mutators.VoidMethodCallMutator,updateAliasModeration,130,KILLED,edu.ucsb.cs156.dining.controllers.UsersControllerTests.[engine:junit-jupiter]/[class:edu.ucsb.cs156.dining.controllers.UsersControllerTests]/[method:admin_can_approve_proposed_alias()]
UsersController.java,edu.ucsb.cs156.dining.controllers.UsersController,org.pitest.mutationtest.engine.gregor.mutators.VoidMethodCallMutator,updateAliasModeration,132,KILLED,edu.ucsb.cs156.dining.controllers.UsersControllerTests.[engine:junit-jupiter]/[class:edu.ucsb.cs156.dining.controllers.UsersControllerTests]/[method:admin_does_not_approve_alias()]
UsersController.java,edu.ucsb.cs156.dining.controllers.UsersController,org.pitest.mutationtest.engine.gregor.mutators.returns.NullReturnValsMutator,updateAliasModeration,137,KILLED,edu.ucsb.cs156.dining.controllers.UsersControllerTests.[engine:junit-jupiter]/[class:edu.ucsb.cs156.dining.controllers.UsersControllerTests]/[method:admin_can_approve_proposed_alias()]
UsersController.java,edu.ucsb.cs156.dining.controllers.UsersController,org.pitest.mutationtest.engine.gregor.mutators.NegateConditionalsMutator,updateProposedAlias,101,KILLED,edu.ucsb.cs156.dining.controllers.UsersControllerTests.[engine:junit-jupiter]/[class:edu.ucsb.cs156.dining.controllers.UsersControllerTests]/[method:user_cannot_post_existing_alias()]
UsersController.java,edu.ucsb.cs156.dining.controllers.UsersController,org.pitest.mutationtest.engine.gregor.mutators.VoidMethodCallMutator,updateProposedAlias,105,KILLED,edu.ucsb.cs156.dining.controllers.UsersControllerTests.[engine:junit-jupiter]/[class:edu.ucsb.cs156.dining.controllers.UsersControllerTests]/[method:a_user_can_post_a_new_alias()]
UsersController.java,edu.ucsb.cs156.dining.controllers.UsersController,org.pitest.mutationtest.engine.gregor.mutators.VoidMethodCallMutator,updateProposedAlias,106,KILLED,edu.ucsb.cs156.dining.controllers.UsersControllerTests.[engine:junit-jupiter]/[class:edu.ucsb.cs156.dining.controllers.UsersControllerTests]/[method:a_user_can_post_a_new_alias()]
UsersController.java,edu.ucsb.cs156.dining.controllers.UsersController,org.pitest.mutationtest.engine.gregor.mutators.returns.NullReturnValsMutator,updateProposedAlias,109,KILLED,edu.ucsb.cs156.dining.controllers.UsersControllerTests.[engine:junit-jupiter]/[class:edu.ucsb.cs156.dining.controllers.UsersControllerTests]/[method:a_user_can_post_a_new_alias()]
UsersController.java,edu.ucsb.cs156.dining.controllers.UsersController,org.pitest.mutationtest.engine.gregor.mutators.returns.NullReturnValsMutator,users,56,KILLED,edu.ucsb.cs156.dining.controllers.UsersControllerTests.[engine:junit-jupiter]/[class:edu.ucsb.cs156.dining.controllers.UsersControllerTests]/[method:users__admin_logged_in()]
ModeratorController.java,edu.ucsb.cs156.dining.controllers.ModeratorController,org.pitest.mutationtest.engine.gregor.mutators.returns.EmptyObjectReturnValsMutator,allInstructors,74,KILLED,edu.ucsb.cs156.dining.controllers.ModeratorControllerTests.[engine:junit-jupiter]/[class:edu.ucsb.cs156.dining.controllers.ModeratorControllerTests]/[method:logged_in_admins_can_get()]
ModeratorController.java,edu.ucsb.cs156.dining.controllers.ModeratorController,org.pitest.mutationtest.engine.gregor.mutators.NegateConditionalsMutator,deleteInstructor,84,KILLED,edu.ucsb.cs156.dining.controllers.ModeratorControllerTests.[engine:junit-jupiter]/[class:edu.ucsb.cs156.dining.controllers.ModeratorControllerTests]/[method:logged_in_admins_can_delete()]
ModeratorController.java,edu.ucsb.cs156.dining.controllers.ModeratorController,org.pitest.mutationtest.engine.gregor.mutators.VoidMethodCallMutator,deleteInstructor,89,KILLED,edu.ucsb.cs156.dining.controllers.ModeratorControllerTests.[engine:junit-jupiter]/[class:edu.ucsb.cs156.dining.controllers.ModeratorControllerTests]/[method:logged_in_admins_can_delete()]
ModeratorController.java,edu.ucsb.cs156.dining.controllers.ModeratorController,org.pitest.mutationtest.engine.gregor.mutators.returns.NullReturnValsMutator,deleteInstructor,85,KILLED,edu.ucsb.cs156.dining.controllers.ModeratorControllerTests.[engine:junit-jupiter]/[class:edu.ucsb.cs156.dining.controllers.ModeratorControllerTests]/[method:admin_try_to_delete_a_moderator_not_found()]
ModeratorController.java,edu.ucsb.cs156.dining.controllers.ModeratorController,org.pitest.mutationtest.engine.gregor.mutators.returns.NullReturnValsMutator,deleteInstructor,90,KILLED,edu.ucsb.cs156.dining.controllers.ModeratorControllerTests.[engine:junit-jupiter]/[class:edu.ucsb.cs156.dining.controllers.ModeratorControllerTests]/[method:logged_in_admins_can_delete()]
ModeratorController.java,edu.ucsb.cs156.dining.controllers.ModeratorController,org.pitest.mutationtest.engine.gregor.mutators.NegateConditionalsMutator,postInstructor,50,KILLED,edu.ucsb.cs156.dining.controllers.ModeratorControllerTests.[engine:junit-jupiter]/[class:edu.ucsb.cs156.dining.controllers.ModeratorControllerTests]/[method:admin_try_to_post_moderator_user_not_found()]
ModeratorController.java,edu.ucsb.cs156.dining.controllers.ModeratorController,org.pitest.mutationtest.engine.gregor.mutators.VoidMethodCallMutator,postInstructor,55,KILLED,edu.ucsb.cs156.dining.controllers.ModeratorControllerTests.[engine:junit-jupiter]/[class:edu.ucsb.cs156.dining.controllers.ModeratorControllerTests]/[method:logged_in_admins_can_post()]
ModeratorController.java,edu.ucsb.cs156.dining.controllers.ModeratorController,org.pitest.mutationtest.engine.gregor.mutators.returns.NullReturnValsMutator,postInstructor,51,KILLED,edu.ucsb.cs156.dining.controllers.ModeratorControllerTests.[engine:junit-jupiter]/[class:edu.ucsb.cs156.dining.controllers.ModeratorControllerTests]/[method:admin_try_to_post_moderator_user_not_found()]
ModeratorController.java,edu.ucsb.cs156.dining.controllers.ModeratorController,org.pitest.mutationtest.engine.gregor.mutators.returns.NullReturnValsMutator,postInstructor,61,KILLED,edu.ucsb.cs156.dining.controllers.ModeratorControllerTests.[engine:junit-jupiter]/[class:edu.ucsb.cs156.dining.controllers.ModeratorControllerTests]/[method:logged_in_admins_can_post()]
RoleInterceptor.java,edu.ucsb.cs156.dining.interceptors.RoleInterceptor,org.pitest.mutationtest.engine.gregor.mutators.NegateConditionalsMutator,lambda$preHandle$0,44,KILLED,edu.ucsb.cs156.dining.interceptors.RoleInterceptorTests.[engine:junit-jupiter]/[class:edu.ucsb.cs156.dining.interceptors.RoleInterceptorTests]/[method:updates_moderator_role_when_user_moderator_false()]
RoleInterceptor.java,edu.ucsb.cs156.dining.interceptors.RoleInterceptor,org.pitest.mutationtest.engine.gregor.mutators.NegateConditionalsMutator,lambda$preHandle$0,45,KILLED,edu.ucsb.cs156.dining.interceptors.RoleInterceptorTests.[engine:junit-jupiter]/[class:edu.ucsb.cs156.dining.interceptors.RoleInterceptorTests]/[method:updates_moderator_role_when_user_moderator_false()]
RoleInterceptor.java,edu.ucsb.cs156.dining.interceptors.RoleInterceptor,org.pitest.mutationtest.engine.gregor.mutators.returns.BooleanTrueReturnValsMutator,lambda$preHandle$0,44,KILLED,edu.ucsb.cs156.dining.interceptors.RoleInterceptorTests.[engine:junit-jupiter]/[class:edu.ucsb.cs156.dining.interceptors.RoleInterceptorTests]/[method:updates_moderator_role_when_user_moderator_false()]
RoleInterceptor.java,edu.ucsb.cs156.dining.interceptors.RoleInterceptor,org.pitest.mutationtest.engine.gregor.mutators.NegateConditionalsMutator,preHandle,33,KILLED,edu.ucsb.cs156.dining.controllers.UsersControllerTests.[engine:junit-jupiter]/[class:edu.ucsb.cs156.dining.controllers.UsersControllerTests]/[method:users__user_logged_in()]
RoleInterceptor.java,edu.ucsb.cs156.dining.interceptors.RoleInterceptor,org.pitest.mutationtest.engine.gregor.mutators.NegateConditionalsMutator,preHandle,37,KILLED,edu.ucsb.cs156.dining.interceptors.RoleInterceptorTests.[engine:junit-jupiter]/[class:edu.ucsb.cs156.dining.interceptors.RoleInterceptorTests]/[method:updates_nothing_when_user_not_present()]
RoleInterceptor.java,edu.ucsb.cs156.dining.interceptors.RoleInterceptor,org.pitest.mutationtest.engine.gregor.mutators.NegateConditionalsMutator,preHandle,47,KILLED,edu.ucsb.cs156.dining.interceptors.RoleInterceptorTests.[engine:junit-jupiter]/[class:edu.ucsb.cs156.dining.interceptors.RoleInterceptorTests]/[method:updates_moderator_role_when_user_moderator_false()]
RoleInterceptor.java,edu.ucsb.cs156.dining.interceptors.RoleInterceptor,org.pitest.mutationtest.engine.gregor.mutators.NegateConditionalsMutator,preHandle,50,KILLED,edu.ucsb.cs156.dining.interceptors.RoleInterceptorTests.[engine:junit-jupiter]/[class:edu.ucsb.cs156.dining.interceptors.RoleInterceptorTests]/[method:updates_moderator_role_when_user_moderator_false()]
RoleInterceptor.java,edu.ucsb.cs156.dining.interceptors.RoleInterceptor,org.pitest.mutationtest.engine.gregor.mutators.returns.BooleanFalseReturnValsMutator,preHandle,61,KILLED,edu.ucsb.cs156.dining.controllers.UsersControllerTests.[engine:junit-jupiter]/[class:edu.ucsb.cs156.dining.controllers.UsersControllerTests]/[method:users__user_logged_in()]
UCSBDiningMenuItemsController.java,edu.ucsb.cs156.dining.controllers.UCSBDiningMenuItemsController,org.pitest.mutationtest.engine.gregor.mutators.NegateConditionalsMutator,get_menu_item_by_id,75,KILLED,edu.ucsb.cs156.dining.controllers.UCSBDiningMenuItemsControllerTests.[engine:junit-jupiter]/[class:edu.ucsb.cs156.dining.controllers.UCSBDiningMenuItemsControllerTests]/[method:get_menu_item_by_id_success()]
UCSBDiningMenuItemsController.java,edu.ucsb.cs156.dining.controllers.UCSBDiningMenuItemsController,org.pitest.mutationtest.engine.gregor.mutators.returns.NullReturnValsMutator,get_menu_item_by_id,78,KILLED,edu.ucsb.cs156.dining.controllers.UCSBDiningMenuItemsControllerTests.[engine:junit-jupiter]/[class:edu.ucsb.cs156.dining.controllers.UCSBDiningMenuItemsControllerTests]/[method:get_menu_item_by_id_success()]
UCSBDiningMenuItemsController.java,edu.ucsb.cs156.dining.controllers.UCSBDiningMenuItemsController,org.pitest.mutationtest.engine.gregor.mutators.VoidMethodCallMutator,get_menu_items,58,KILLED,edu.ucsb.cs156.dining.controllers.UCSBDiningMenuItemsControllerTests.[engine:junit-jupiter]/[class:edu.ucsb.cs156.dining.controllers.UCSBDiningMenuItemsControllerTests]/[method:meal_item_created_and_found()]
UCSBDiningMenuItemsController.java,edu.ucsb.cs156.dining.controllers.UCSBDiningMenuItemsController,org.pitest.mutationtest.engine.gregor.mutators.VoidMethodCallMutator,get_menu_items,59,KILLED,edu.ucsb.cs156.dining.controllers.UCSBDiningMenuItemsControllerTests.[engine:junit-jupiter]/[class:edu.ucsb.cs156.dining.controllers.UCSBDiningMenuItemsControllerTests]/[method:meal_item_created_and_found()]
UCSBDiningMenuItemsController.java,edu.ucsb.cs156.dining.controllers.UCSBDiningMenuItemsController,org.pitest.mutationtest.engine.gregor.mutators.VoidMethodCallMutator,get_menu_items,60,KILLED,edu.ucsb.cs156.dining.controllers.UCSBDiningMenuItemsControllerTests.[engine:junit-jupiter]/[class:edu.ucsb.cs156.dining.controllers.UCSBDiningMenuItemsControllerTests]/[method:meal_item_created_and_found()]
UCSBDiningMenuItemsController.java,edu.ucsb.cs156.dining.controllers.UCSBDiningMenuItemsController,org.pitest.mutationtest.engine.gregor.mutators.VoidMethodCallMutator,get_menu_items,61,KILLED,edu.ucsb.cs156.dining.controllers.UCSBDiningMenuItemsControllerTests.[engine:junit-jupiter]/[class:edu.ucsb.cs156.dining.controllers.UCSBDiningMenuItemsControllerTests]/[method:meal_item_created_and_found()]
UCSBDiningMenuItemsController.java,edu.ucsb.cs156.dining.controllers.UCSBDiningMenuItemsController,org.pitest.mutationtest.engine.gregor.mutators.returns.NullReturnValsMutator,get_menu_items,67,KILLED,edu.ucsb.cs156.dining.controllers.UCSBDiningMenuItemsControllerTests.[engine:junit-jupiter]/[class:edu.ucsb.cs156.dining.controllers.UCSBDiningMenuItemsControllerTests]/[method:meal_item_created_and_found()]
AdminController.java,edu.ucsb.cs156.dining.controllers.AdminController,org.pitest.mutationtest.engine.gregor.mutators.returns.EmptyObjectReturnValsMutator,allAdmins,71,KILLED,edu.ucsb.cs156.dining.controllers.AdminControllerTests.[engine:junit-jupiter]/[class:edu.ucsb.cs156.dining.controllers.AdminControllerTests]/[method:logged_in_admin_can_get_all_admins()]
AdminController.java,edu.ucsb.cs156.dining.controllers.AdminController,org.pitest.mutationtest.engine.gregor.mutators.NegateConditionalsMutator,deleteAdmin,88,KILLED,edu.ucsb.cs156.dining.controllers.AdminControllerTests.[engine:junit-jupiter]/[class:edu.ucsb.cs156.dining.controllers.AdminControllerTests]/[method:admin_tries_to_delete_an_ADMIN_EMAIL_and_gets_right_error_message()]
AdminController.java,edu.ucsb.cs156.dining.controllers.AdminController,org.pitest.mutationtest.engine.gregor.mutators.VoidMethodCallMutator,deleteAdmin,92,KILLED,edu.ucsb.cs156.dining.controllers.AdminControllerTests.[engine:junit-jupiter]/[class:edu.ucsb.cs156.dining.controllers.AdminControllerTests]/[method:admin_can_delete_an_admin()]
AdminController.java,edu.ucsb.cs156.dining.controllers.AdminController,org.pitest.mutationtest.engine.gregor.mutators.returns.NullReturnValsMutator,deleteAdmin,93,KILLED,edu.ucsb.cs156.dining.controllers.AdminControllerTests.[engine:junit-jupiter]/[class:edu.ucsb.cs156.dining.controllers.AdminControllerTests]/[method:admin_can_delete_an_admin()]
AdminController.java,edu.ucsb.cs156.dining.controllers.AdminController,org.pitest.mutationtest.engine.gregor.mutators.returns.NullReturnValsMutator,lambda$allAdmins$0,68,KILLED,edu.ucsb.cs156.dining.controllers.AdminControllerTests.[engine:junit-jupiter]/[class:edu.ucsb.cs156.dining.controllers.AdminControllerTests]/[method:logged_in_admin_can_get_all_admins()]
AdminController.java,edu.ucsb.cs156.dining.controllers.AdminController,org.pitest.mutationtest.engine.gregor.mutators.returns.NullReturnValsMutator,lambda$deleteAdmin$1,87,KILLED,edu.ucsb.cs156.dining.controllers.AdminControllerTests.[engine:junit-jupiter]/[class:edu.ucsb.cs156.dining.controllers.AdminControllerTests]/[method:admin_tries_to_delete_non_existant_admin_and_gets_right_error_message()]
AdminController.java,edu.ucsb.cs156.dining.controllers.AdminController,org.pitest.mutationtest.engine.gregor.mutators.returns.NullReturnValsMutator,postAdmin,53,KILLED,edu.ucsb.cs156.dining.controllers.AdminControllerTests.[engine:junit-jupiter]/[class:edu.ucsb.cs156.dining.controllers.AdminControllerTests]/[method:an_admin_user_can_post_a_new_admin()]
User.java,edu.ucsb.cs156.dining.entities.User,org.pitest.mutationtest.engine.gregor.mutators.NegateConditionalsMutator,getAlias,49,KILLED,edu.ucsb.cs156.dining.controllers.UsersControllerTests.[engine:junit-jupiter]/[class:edu.ucsb.cs156.dining.controllers.UsersControllerTests]/[method:can_get_alias()]
User.java,edu.ucsb.cs156.dining.entities.User,org.pitest.mutationtest.engine.gregor.mutators.returns.EmptyObjectReturnValsMutator,getAlias,52,KILLED,edu.ucsb.cs156.dining.controllers.UsersControllerTests.[engine:junit-jupiter]/[class:edu.ucsb.cs156.dining.controllers.UsersControllerTests]/[method:can_get_alias()]
User.java,edu.ucsb.cs156.dining.entities.User,org.pitest.mutationtest.engine.gregor.mutators.returns.BooleanFalseReturnValsMutator,isAdmin,56,KILLED,edu.ucsb.cs156.dining.controllers.UsersControllerTests.[engine:junit-jupiter]/[class:edu.ucsb.cs156.dining.controllers.UsersControllerTests]/[method:admin_can_toggle_admin_of_basic_admin()]
User.java,edu.ucsb.cs156.dining.entities.User,org.pitest.mutationtest.engine.gregor.mutators.returns.BooleanTrueReturnValsMutator,isAdmin,56,KILLED,edu.ucsb.cs156.dining.controllers.UsersControllerTests.[engine:junit-jupiter]/[class:edu.ucsb.cs156.dining.controllers.UsersControllerTests]/[method:admin_can_toggle_admin_of_user()]
User.java,edu.ucsb.cs156.dining.entities.User,org.pitest.mutationtest.engine.gregor.mutators.returns.BooleanFalseReturnValsMutator,isModerator,60,KILLED,edu.ucsb.cs156.dining.controllers.ModeratorControllerTests.[engine:junit-jupiter]/[class:edu.ucsb.cs156.dining.controllers.ModeratorControllerTests]/[method:logged_in_admins_can_post()]
User.java,edu.ucsb.cs156.dining.entities.User,org.pitest.mutationtest.engine.gregor.mutators.returns.BooleanTrueReturnValsMutator,isModerator,60,KILLED,edu.ucsb.cs156.dining.interceptors.RoleInterceptorTests.[engine:junit-jupiter]/[class:edu.ucsb.cs156.dining.interceptors.RoleInterceptorTests]/[method:updates_moderator_role_when_user_moderator_false()]
UCSBDiningMenuService.java,edu.ucsb.cs156.dining.services.UCSBDiningMenuService,org.pitest.mutationtest.engine.gregor.mutators.VoidMethodCallMutator,getJSON,40,KILLED,edu.ucsb.cs156.dining.services.UCSBDiningMenuServiceTests.[engine:junit-jupiter]/[class:edu.ucsb.cs156.dining.services.UCSBDiningMenuServiceTests]/[method:test_getJSON_returns_null_on_404()]
UCSBDiningMenuService.java,edu.ucsb.cs156.dining.services.UCSBDiningMenuService,org.pitest.mutationtest.engine.gregor.mutators.VoidMethodCallMutator,getJSON,41,KILLED,edu.ucsb.cs156.dining.services.UCSBDiningMenuServiceTests.[engine:junit-jupiter]/[class:edu.ucsb.cs156.dining.services.UCSBDiningMenuServiceTests]/[method:test_getJSON_returns_null_on_404()]
UCSBDiningMenuService.java,edu.ucsb.cs156.dining.services.UCSBDiningMenuService,org.pitest.mutationtest.engine.gregor.mutators.VoidMethodCallMutator,getJSON,42,KILLED,edu.ucsb.cs156.dining.services.UCSBDiningMenuServiceTests.[engine:junit-jupiter]/[class:edu.ucsb.cs156.dining.services.UCSBDiningMenuServiceTests]/[method:test_getJSON_returns_null_on_404()]
UCSBDiningMenuService.java,edu.ucsb.cs156.dining.services.UCSBDiningMenuService,org.pitest.mutationtest.engine.gregor.mutators.VoidMethodCallMutator,getJSON,43,KILLED,edu.ucsb.cs156.dining.services.UCSBDiningMenuServiceTests.[engine:junit-jupiter]/[class:edu.ucsb.cs156.dining.services.UCSBDiningMenuServiceTests]/[method:test_getJSON_returns_null_on_404()]
UCSBDiningMenuService.java,edu.ucsb.cs156.dining.services.UCSBDiningMenuService,org.pitest.mutationtest.engine.gregor.mutators.returns.EmptyObjectReturnValsMutator,getJSON,68,KILLED,edu.ucsb.cs156.dining.services.UCSBDiningMenuServiceTests.[engine:junit-jupiter]/[class:edu.ucsb.cs156.dining.services.UCSBDiningMenuServiceTests]/[method:test_getJSON_returns_null_on_404()]
UCSBDiningMenuService.java,edu.ucsb.cs156.dining.services.UCSBDiningMenuService,org.pitest.mutationtest.engine.gregor.mutators.returns.EmptyObjectReturnValsMutator,getJSON,71,KILLED,edu.ucsb.cs156.dining.services.UCSBDiningMenuServiceTests.[engine:junit-jupiter]/[class:edu.ucsb.cs156.dining.services.UCSBDiningMenuServiceTests]/[method:test_getJSON_success()]
UCSBDiningMenuController.java,edu.ucsb.cs156.dining.controllers.UCSBDiningMenuController,org.pitest.mutationtest.engine.gregor.mutators.NegateConditionalsMutator,menutimes,36,KILLED,edu.ucsb.cs156.dining.controllers.UCSBDiningMenuControllerTests.[engine:junit-jupiter]/[class:edu.ucsb.cs156.dining.controllers.UCSBDiningMenuControllerTests]/[method:returns_204_when_dining_commons_closed_null()]
UCSBDiningMenuController.java,edu.ucsb.cs156.dining.controllers.UCSBDiningMenuController,org.pitest.mutationtest.engine.gregor.mutators.NegateConditionalsMutator,menutimes,36,KILLED,edu.ucsb.cs156.dining.controllers.UCSBDiningMenuControllerTests.[engine:junit-jupiter]/[class:edu.ucsb.cs156.dining.controllers.UCSBDiningMenuControllerTests]/[method:users_can_see_meal_times()]
UCSBDiningMenuController.java,edu.ucsb.cs156.dining.controllers.UCSBDiningMenuController,org.pitest.mutationtest.engine.gregor.mutators.NegateConditionalsMutator,menutimes,36,KILLED,edu.ucsb.cs156.dining.controllers.UCSBDiningMenuControllerTests.[engine:junit-jupiter]/[class:edu.ucsb.cs156.dining.controllers.UCSBDiningMenuControllerTests]/[method:users_can_see_meal_times()]
UCSBDiningMenuController.java,edu.ucsb.cs156.dining.controllers.UCSBDiningMenuController,org.pitest.mutationtest.engine.gregor.mutators.returns.NullReturnValsMutator,menutimes,37,KILLED,edu.ucsb.cs156.dining.controllers.UCSBDiningMenuControllerTests.[engine:junit-jupiter]/[class:edu.ucsb.cs156.dining.controllers.UCSBDiningMenuControllerTests]/[method:returns_204_when_dining_commons_closed_null()]
UCSBDiningMenuController.java,edu.ucsb.cs156.dining.controllers.UCSBDiningMenuController,org.pitest.mutationtest.engine.gregor.mutators.returns.NullReturnValsMutator,menutimes,40,KILLED,edu.ucsb.cs156.dining.controllers.UCSBDiningMenuControllerTests.[engine:junit-jupiter]/[class:edu.ucsb.cs156.dining.controllers.UCSBDiningMenuControllerTests]/[method:users_can_see_meal_times()]
UCSBDiningMenuItemsService.java,edu.ucsb.cs156.dining.services.UCSBDiningMenuItemsService,org.pitest.mutationtest.engine.gregor.mutators.VoidMethodCallMutator,get,52,KILLED,edu.ucsb.cs156.dining.services.UCSBDiningMenuItemsServiceTests.[engine:junit-jupiter]/[class:edu.ucsb.cs156.dining.services.UCSBDiningMenuItemsServiceTests]/[method:test_get_success()]
UCSBDiningMenuItemsService.java,edu.ucsb.cs156.dining.services.UCSBDiningMenuItemsService,org.pitest.mutationtest.engine.gregor.mutators.VoidMethodCallMutator,get,53,KILLED,edu.ucsb.cs156.dining.services.UCSBDiningMenuItemsServiceTests.[engine:junit-jupiter]/[class:edu.ucsb.cs156.dining.services.UCSBDiningMenuItemsServiceTests]/[method:test_get_success()]
UCSBDiningMenuItemsService.java,edu.ucsb.cs156.dining.services.UCSBDiningMenuItemsService,org.pitest.mutationtest.engine.gregor.mutators.VoidMethodCallMutator,get,54,KILLED,edu.ucsb.cs156.dining.services.UCSBDiningMenuItemsServiceTests.[engine:junit-jupiter]/[class:edu.ucsb.cs156.dining.services.UCSBDiningMenuItemsServiceTests]/[method:test_get_success()]
UCSBDiningMenuItemsService.java,edu.ucsb.cs156.dining.services.UCSBDiningMenuItemsService,org.pitest.mutationtest.engine.gregor.mutators.returns.EmptyObjectReturnValsMutator,get,73,KILLED,edu.ucsb.cs156.dining.services.UCSBDiningMenuItemsServiceTests.[engine:junit-jupiter]/[class:edu.ucsb.cs156.dining.services.UCSBDiningMenuItemsServiceTests]/[method:test_get_success()]
DiningCommonsService.java,edu.ucsb.cs156.dining.services.DiningCommonsService,org.pitest.mutationtest.engine.gregor.mutators.VoidMethodCallMutator,get,51,KILLED,edu.ucsb.cs156.dining.services.DiningCommonsServiceTests.[engine:junit-jupiter]/[class:edu.ucsb.cs156.dining.services.DiningCommonsServiceTests]/[method:get_returns_a_list_of_commons()]
DiningCommonsService.java,edu.ucsb.cs156.dining.services.DiningCommonsService,org.pitest.mutationtest.engine.gregor.mutators.VoidMethodCallMutator,get,52,KILLED,edu.ucsb.cs156.dining.services.DiningCommonsServiceTests.[engine:junit-jupiter]/[class:edu.ucsb.cs156.dining.services.DiningCommonsServiceTests]/[method:get_returns_a_list_of_commons()]
DiningCommonsService.java,edu.ucsb.cs156.dining.services.DiningCommonsService,org.pitest.mutationtest.engine.gregor.mutators.VoidMethodCallMutator,get,53,KILLED,edu.ucsb.cs156.dining.services.DiningCommonsServiceTests.[engine:junit-jupiter]/[class:edu.ucsb.cs156.dining.services.DiningCommonsServiceTests]/[method:get_returns_a_list_of_commons()]
DiningCommonsService.java,edu.ucsb.cs156.dining.services.DiningCommonsService,org.pitest.mutationtest.engine.gregor.mutators.returns.EmptyObjectReturnValsMutator,get,65,KILLED,edu.ucsb.cs156.dining.services.DiningCommonsServiceTests.[engine:junit-jupiter]/[class:edu.ucsb.cs156.dining.services.DiningCommonsServiceTests]/[method:get_returns_a_list_of_commons()]
ApiController.java,edu.ucsb.cs156.dining.controllers.ApiController,org.pitest.mutationtest.engine.gregor.mutators.returns.NullReturnValsMutator,genericMessage,35,KILLED,edu.ucsb.cs156.dining.controllers.ApiControllerTests.[engine:junit-jupiter]/[class:edu.ucsb.cs156.dining.controllers.ApiControllerTests]/[method:generic_message_test()]
ApiController.java,edu.ucsb.cs156.dining.controllers.ApiController,org.pitest.mutationtest.engine.gregor.mutators.returns.NullReturnValsMutator,getCurrentUser,25,KILLED,edu.ucsb.cs156.dining.controllers.UsersControllerTests.[engine:junit-jupiter]/[class:edu.ucsb.cs156.dining.controllers.UsersControllerTests]/[method:user_cannot_post_existing_alias()]
ApiController.java,edu.ucsb.cs156.dining.controllers.ApiController,org.pitest.mutationtest.engine.gregor.mutators.returns.NullReturnValsMutator,handleGenericException,47,KILLED,edu.ucsb.cs156.dining.controllers.UsersControllerTests.[engine:junit-jupiter]/[class:edu.ucsb.cs156.dining.controllers.UsersControllerTests]/[method:admin_cannot_toggle_moderator_of_nonexistent_user()]
ApiController.java,edu.ucsb.cs156.dining.controllers.ApiController,org.pitest.mutationtest.engine.gregor.mutators.returns.NullReturnValsMutator,handleUnsupportedOperation,61,KILLED,edu.ucsb.cs156.dining.controllers.ApiControllerTests.[engine:junit-jupiter]/[class:edu.ucsb.cs156.dining.controllers.ApiControllerTests]/[method:test_dummy_controller_returns_unsupported_operation()]
SystemInfoServiceImpl.java,edu.ucsb.cs156.dining.services.SystemInfoServiceImpl,org.pitest.mutationtest.engine.gregor.mutators.returns.NullReturnValsMutator,getSystemInfo,63,KILLED,edu.ucsb.cs156.dining.services.SystemInfoServiceImplTests.[engine:junit-jupiter]/[class:edu.ucsb.cs156.dining.services.SystemInfoServiceImplTests]/[method:test_getSystemInfo()]
SystemInfoServiceImpl.java,edu.ucsb.cs156.dining.services.SystemInfoServiceImpl,org.pitest.mutationtest.engine.gregor.mutators.NegateConditionalsMutator,githubUrl,42,KILLED,edu.ucsb.cs156.dining.services.SystemInfoServiceImplTests.[engine:junit-jupiter]/[class:edu.ucsb.cs156.dining.services.SystemInfoServiceImplTests]/[method:test_githubUrl()]
SystemInfoServiceImpl.java,edu.ucsb.cs156.dining.services.SystemInfoServiceImpl,org.pitest.mutationtest.engine.gregor.mutators.NegateConditionalsMutator,githubUrl,42,KILLED,edu.ucsb.cs156.dining.services.SystemInfoServiceImplTests.[engine:junit-jupiter]/[class:edu.ucsb.cs156.dining.services.SystemInfoServiceImplTests]/[method:test_githubUrl()]
SystemInfoServiceImpl.java,edu.ucsb.cs156.dining.services.SystemInfoServiceImpl,org.pitest.mutationtest.engine.gregor.mutators.returns.EmptyObjectReturnValsMutator,githubUrl,42,KILLED,edu.ucsb.cs156.dining.services.SystemInfoServiceImplTests.[engine:junit-jupiter]/[class:edu.ucsb.cs156.dining.services.SystemInfoServiceImplTests]/[method:test_githubUrl()]
CanonicalFormConverter.java,edu.ucsb.cs156.dining.utilities.CanonicalFormConverter,org.pitest.mutationtest.engine.gregor.mutators.returns.BooleanFalseReturnValsMutator,areEquivalentEmails,31,KILLED,edu.ucsb.cs156.dining.utilities.CanonicalFormConverterTests.[engine:junit-jupiter]/[class:edu.ucsb.cs156.dining.utilities.CanonicalFormConverterTests]/[method:testAreEquivalentEmails()]
CanonicalFormConverter.java,edu.ucsb.cs156.dining.utilities.CanonicalFormConverter,org.pitest.mutationtest.engine.gregor.mutators.returns.BooleanTrueReturnValsMutator,areEquivalentEmails,31,KILLED,edu.ucsb.cs156.dining.utilities.CanonicalFormConverterTests.[engine:junit-jupiter]/[class:edu.ucsb.cs156.dining.utilities.CanonicalFormConverterTests]/[method:testAreEquivalentEmails()]
CanonicalFormConverter.java,edu.ucsb.cs156.dining.utilities.CanonicalFormConverter,org.pitest.mutationtest.engine.gregor.mutators.returns.EmptyObjectReturnValsMutator,convertToValidEmail,20,KILLED,edu.ucsb.cs156.dining.utilities.CanonicalFormConverterTests.[engine:junit-jupiter]/[class:edu.ucsb.cs156.dining.utilities.CanonicalFormConverterTests]/[method:testConvertToValidEmail()]
CurrentUserService.java,edu.ucsb.cs156.dining.services.CurrentUserService,org.pitest.mutationtest.engine.gregor.mutators.NegateConditionalsMutator,isLoggedIn,42,KILLED,edu.ucsb.cs156.dining.services.CurrentUserServiceTests.[engine:junit-jupiter]/[class:edu.ucsb.cs156.dining.services.CurrentUserServiceTests]/[method:test_isLoggedIn_returns_true()]
CurrentUserService.java,edu.ucsb.cs156.dining.services.CurrentUserService,org.pitest.mutationtest.engine.gregor.mutators.returns.BooleanTrueReturnValsMutator,isLoggedIn,42,KILLED,edu.ucsb.cs156.dining.services.CurrentUserServiceTests.[engine:junit-jupiter]/[class:edu.ucsb.cs156.dining.services.CurrentUserServiceTests]/[method:test_isLoggedIn_returns_false()]
DiningCommonsController.java,edu.ucsb.cs156.dining.controllers.DiningCommonsController,org.pitest.mutationtest.engine.gregor.mutators.returns.EmptyObjectReturnValsMutator,allDiningCommons,29,KILLED,edu.ucsb.cs156.dining.controllers.DiningCommonsControllerTests.[engine:junit-jupiter]/[class:edu.ucsb.cs156.dining.controllers.DiningCommonsControllerTests]/[method:api_DiningCommons_test_get()]
SystemInfoController.java,edu.ucsb.cs156.dining.controllers.SystemInfoController,org.pitest.mutationtest.engine.gregor.mutators.returns.NullReturnValsMutator,getSystemInfo,38,KILLED,edu.ucsb.cs156.dining.controllers.SystemInfoControllerTests.[engine:junit-jupiter]/[class:edu.ucsb.cs156.dining.controllers.SystemInfoControllerTests]/[method:systemInfo__admin_logged_in()]
CSRFController.java,edu.ucsb.cs156.dining.controllers.CSRFController,org.pitest.mutationtest.engine.gregor.mutators.returns.NullReturnValsMutator,csrf,30,KILLED,edu.ucsb.cs156.dining.controllers.CSRFControllerTests.[engine:junit-jupiter]/[class:edu.ucsb.cs156.dining.controllers.CSRFControllerTests]/[method:csrf_returns_ok()]
UserInfoController.java,edu.ucsb.cs156.dining.controllers.UserInfoController,org.pitest.mutationtest.engine.gregor.mutators.returns.NullReturnValsMutator,getCurrentUser,26,KILLED,edu.ucsb.cs156.dining.controllers.UserInfoControllerTests.[engine:junit-jupiter]/[class:edu.ucsb.cs156.dining.controllers.UserInfoControllerTests]/[method:currentUser__logged_in()]
